???
0 0 0 0 0
25p
1 190 113 210 255
25a
2 187 193 42 255
s24
3 116 98 225 255
s32
4 161 202 115 255
p32
5 65 140 27 255
24a
6 203 158 187 255
24b
7 94 236 218 255
24cv
8 191 57 120 255
24cd
9 23 48 170 255
a24a'
10 184 235 88 255
a24b'
11 98 121 56 255
24c'v
12 166 113 204 255
24c'd
13 197 102 79 255
p24a'
14 14 193 165 255
p24b'
15 175 192 118 255
24dv
16 143 45 39 255
a24dd
17 166 121 142 255
23a
18 141 83 20 255
23b
19 113 62 107 255
23c
20 209 66 26 255
p24dd
21 77 80 165 255
d23a
22 141 193 165 255
d23b
23 106 200 51 255
v23a
24 18 33 179 255
v23b
25 119 50 128 255
31d
26 48 173 115 255
31v
27 100 82 157 255
31p
28 96 33 40 255
